0
0.510839
1.02168
1.53252
2.03175
2.53098
3.01859
3.4946
3.97061
4.44662
4.89941
5.36381
5.82821
6.26939
6.71057
7.15175
7.59293
8.02249
8.45206
8.89324
9.33442
9.7756
10.2052
10.6347
11.0759
11.5055
11.9351
12.3762
12.8058
13.2354
13.6766
14.1177
14.5473
14.982
15.416
15.851
16.286
16.721
17.155
17.59
18.025
18.46
18.895
19.329
19.764
20.199
20.634
21.069
21.503
21.938
22.373
22.808
23.242
23.677
24.112
24.547
24.982
25.416
25.851
26.286
26.721
27.155
27.59
28.025
28.46
28.895
29.329
29.764
30.199
30.634
31.069
31.503
31.938
32.373
32.808
33.242
33.677
34.112
34.547
34.982
35.416
35.851
36.286
36.721
37.155
37.59
38.025
38.46
38.895
39.329
39.764
40.199
40.634
41.069
41.503
41.938
42.373
42.808
43.242
43.677
44.112
44.547
44.982
45.416
45.851
46.286
46.721
47.155
47.59
48.025
48.46
48.895
49.329
49.764
50.199
50.634
51.069
51.503
51.938
52.373
52.808
53.242
53.677
54.112
54.547
54.982
55.416
55.851
56.286
56.721
57.155
57.59
58.025
58.46
58.895
59.329
59.764
60.199
60.634
61.069
61.503
61.938
62.373
62.808
63.242
63.677
64.112
64.547
64.982
65.416
65.851
66.286
66.721
67.155
67.59
68.025
68.46
68.895
69.329
69.764
70.199
70.634
71.069
71.503
71.938
72.373
72.808
73.242
73.677
74.112
74.547
74.982
75.416
75.851
76.286
76.721
77.155
77.59
78.025
78.46
78.895
79.329
79.764
80.199
80.634
81.069
81.503
81.938
82.373
82.808
83.242
83.677
84.112
84.547
84.982
85.416
85.851
86.286
86.721
87.155
87.59
88.025
88.46
88.895
89.329
89.764
90.199
90.634
91.069
91.503
91.938
92.373
92.808
93.242
93.677
94.112
94.547
94.982
95.416
95.851
96.286
96.721
97.155
97.59
98.025
98.46
98.895
99.329
99.764
100.199
100.634
101.069
101.503
101.938
102.373
102.808
103.242
103.677
104.112
104.547
104.982
105.416
105.851
106.286
106.721
107.155
107.59
108.025
108.46
108.895
109.329
109.764
110.199
110.634
111.069
111.503
111.938
112.373
112.808
113.242
113.677
114.112
114.547
114.982
115.416
115.851
116.286
116.721
117.155
117.59
118.025
118.46
118.895
119.329
119.764
120.199
120.634
121.069
121.503
121.938
122.373
122.808
123.242
123.677
124.112
124.547
124.982
125.416
125.851
126.286
126.721
127.155
127.59
128.025
128.46
128.895
129.329
129.764
130.199
130.634
131.069
131.503
131.938
132.373
132.808
133.242
133.677
134.112
134.547
134.982
135.416
135.851
136.286
136.721
137.155
137.59
138.025
138.46
138.895
139.329
139.764
140.199
140.634
141.069
141.503
141.938
142.373
142.808
143.242
143.677
144.112
144.547
144.982
145.416
145.851
146.286
146.721
147.155
147.59
148.025
148.46
148.895
149.329
149.764
150.199
150.634
151.069
151.503
151.938
152.373
152.808
153.242
153.677
154.112
154.547
154.982
155.416
155.851
156.286
156.721
157.155
157.59
158.025
158.46
158.895
159.329
159.764
160.199
160.634
161.069
161.503
161.938
162.373
162.808
163.242
163.677
164.112
164.547
164.982
165.416
165.851
166.286
166.721
167.155
167.59
168.025
168.46
168.895
169.329
169.764
170.199
170.634
171.069
171.503
171.938
172.373
172.808
173.242
173.677
174.112
174.547
174.982
175.416
175.851
176.286
176.721
177.155
177.59
178.025
178.46
178.895
179.329
179.764
180.199
180.634
181.069
181.503
181.938
182.373
182.808
183.242
183.677
184.112
184.547
184.982
185.416
185.851
186.286
186.721
187.155
187.59
188.025
188.46
188.895
189.329
189.764
190.199
190.634
191.069
191.503
191.938
192.373
192.808
193.242
193.677
194.112
194.547
194.982
195.416
195.851
196.286
196.721
197.155
197.59
198.025
198.46
198.895
199.329
199.764
200.199
200.634
201.069
201.503
201.938
202.373
202.808
203.242
203.677
204.112
204.547
204.982
205.416
205.851
206.286
206.721
207.155
207.59
208.025
208.46
208.895
209.329
209.764
210.199
210.634
211.069
211.503
211.938
212.373
212.808
213.242
213.677
214.112
214.547
214.982
215.416
215.851
216.286
216.721
217.155
217.59
218.025
218.46
218.895
219.329
219.764
220.199
220.634
221.069
221.503
221.938
222.373
222.808
223.242
223.677
224.112
224.547
224.982
225.416